,snow,grass,urban
0,0.1636250999405894,0.4361536899383544,0.4002212101210562
1,0.10388405784263136,0.7761907628475738,0.11992517930979484
2,0.20670022275943356,0.45678003139119155,0.33651974584937483
3,0.16478965427521583,0.4501802461282943,0.3850300995964898
4,0.16860321260206806,0.28623996781773514,0.5451568195801968
5,0.2378655070998871,0.307512571840741,0.45462192105937194
6,0.19761281988734297,0.2715587683950331,0.530828411717624
7,0.10928631047225687,0.11694104173099028,0.7737726477967529
8,0.33169430824588325,0.48949064259265757,0.17881504916145913
9,0.21670688309174727,0.029027690050398538,0.7542654268578541
10,0.1857791565926991,0.21198058955311475,0.6022402538541862
11,0.2208829329973654,0.4322204762378941,0.34689659076474044
12,0.2558150335006934,0.3351607883523065,0.40902417814700015
13,0.11815387204885892,0.5426154145732357,0.3392307133779054
14,0.2548660230308308,0.43148311535380274,0.3136508616153665
15,0.2847024578034055,0.13399637742457202,0.5813011647720224
16,0.16864817414259858,0.2197462002005186,0.6116056256568827
17,0.15051336949185373,0.22789149954984128,0.6215951309583051
18,0.12481333497444065,0.44445136195155943,0.4307353030739999
19,0.2401356270084371,0.6747797018012088,0.0850846711903541
20,0.26793690426228467,0.44019378066365816,0.2918693150740572
21,0.25245959735023493,0.48446610339211665,0.2630742992576484
22,0.24934722650268434,0.3095572593972431,0.4410955141000726
23,0.12984913933481332,0.8049817079031227,0.06516915276206389
24,0.22220280383464455,0.3220491632483654,0.45574803291699006
25,0.26698899833918854,0.41879142277677184,0.3142195788840397
26,0.21954106621796038,0.33974687964954525,0.4407120541324943
27,0.2118046147317678,0.4072992566127053,0.3808961286555269
28,0.19322600287542405,0.5770702178010164,0.22970377932355956
29,0.1804590551262469,0.4004718241287705,0.4190691207449826
30,0.32632178790719185,0.3761564582475406,0.2975217538452676
31,0.38154802521344494,0.44478725438168554,0.1736647204048694
32,0.3703008087530477,0.3139409750476243,0.315758216199328
33,0.2870466075727588,0.3979281736627337,0.3150252187645075
34,0.25411217684611614,0.11625996447737934,0.6296278586765046
35,0.26201157583950785,0.3806722062205431,0.357316217939949
36,0.14825729835258838,0.3445840925927601,0.5071586090546515
37,0.34946306211999256,0.4149116999283847,0.23562523795162274
38,0.2562107717088917,0.2625825809702792,0.481206647320829
39,0.19041513321131426,0.5212768105452196,0.2883080562434661
40,0.14978611572621037,0.43247932028711084,0.4177345639866788
41,0.19706184373097563,0.4757754253240163,0.3271627309450081
42,0.20424195141345236,0.34768828796774776,0.44806976061879983
43,0.3174691048346418,0.26022523483712295,0.42230566032823524
44,0.16242553312670563,0.02404401652082162,0.8135304503524727
45,0.16598638893234496,0.47333177834922335,0.3606818327184317
46,0.1507500277601177,0.43206521313574864,0.4171847591041336
47,0.241318128455574,0.4945588192316067,0.2641230523128193
48,0.2175473607388419,0.3834548960829844,0.3989977431781737
49,0.2717000584394143,0.4897975043584564,0.2385024372021293
50,0.2693474540952574,0.1883959518546964,0.5422565940500461
51,0.30616041875060274,0.056130240248046206,0.637709341001351
52,0.24967407959403132,0.3678031107784445,0.3825228096275242
53,0.19263447121541252,0.609444146685033,0.1979213820995544
54,0.11279127288276733,0.19994638680745222,0.6872623403097804
55,0.29886093820956716,0.31570539515541896,0.3854336666350138
56,0.13196303051336966,0.33937543877166165,0.5286615307149687
57,0.12148101800178765,0.47821174406483413,0.4003072379333782
58,0.1887145542698759,0.4004517646181384,0.4108336811119857
59,0.19475704555471443,0.33765842987336014,0.4675845245719254
60,0.2122061868444781,0.42099140148625386,0.3668024116692681
61,0.139848572762136,0.6374860281753933,0.22266539906247068
62,0.2138548921081965,0.5263938431643543,0.2597512647274491
63,0.13958975545272115,0.1944763835223924,0.6659338610248865
64,0.24737710461789433,0.05841332488093875,0.6942095705011669
65,0.2713850957949578,0.41756469072653457,0.3110502134785076
66,0.2501452444550187,0.0822522717017774,0.6676024838432039
67,0.18346449559127004,0.46752871723854394,0.3490067871701859
68,0.1345185044302065,0.2579518237894205,0.607529671780373
69,0.22443349322764342,0.36001772021316913,0.4155487865591875
70,0.2456777739769085,0.4736795342927517,0.28064269173033984
71,0.1551885319696091,0.1875506006158235,0.6572608674145674
72,0.34278091762801927,0.33564585953247583,0.3215732228395048
73,0.12631360363273286,0.5806503382716898,0.2930360580955773
74,0.24283845484893737,0.23456246158216934,0.5225990835688933
75,0.2392352725337705,0.4464696761285901,0.31429505133763935
76,0.2726924351116834,0.35752100128736286,0.3697865636009537
77,0.28314084680740764,0.2949977763338214,0.42186137685877095
78,0.2507744185233203,0.4374741681665483,0.3117514133101314
79,0.21437622742633042,0.5848354628762819,0.20078830969738767
80,0.34967023662529495,0.4206073635033893,0.22972239987131568
81,0.15056597400882135,0.025457775192113147,0.8239762507990656
82,0.30133329052613744,0.3562002767333893,0.3424664327404734
83,0.18013912119410364,0.2935631881691826,0.5262976906367137
84,0.19445768341003195,0.3570717891315342,0.44847052745843385
85,0.12447077400764357,0.2868015221267162,0.5887277038656402
86,0.1364387465605698,0.45500790671343744,0.40855334672599275
87,0.21722645020515724,0.22975551237686573,0.5530180374179771
88,0.22436298684427655,0.385222432528265,0.39041458062745854
89,0.2184309633838761,0.2877828384516528,0.4937861981644711
90,0.16759502921592503,0.5955738367378907,0.23683113404618433
91,0.25097604216545016,0.5161907410075025,0.23283321682704727
92,0.3758370514347949,0.2733087456750515,0.3508542028901536
93,0.20931771775772762,0.43104780101264095,0.3596344812296315
94,0.33337021618141643,0.4061251987361239,0.26050458508245966
95,0.12553985656544248,0.4979623378852421,0.3764978055493155
96,0.18634892214178445,0.7064312662179985,0.10721981164021704
97,0.2806064257987842,0.23190795482417884,0.4874856193770369
98,0.1713522300095799,0.5525007211798648,0.27614704881055535
99,0.26333077181109593,0.4722838634685323,0.26438536472037183
100,0.17983495015021875,0.34033390851649137,0.47983114133328986
101,0.35407800362305525,0.15847203729283107,0.48744995908411365
102,0.1603261253313672,0.5633405823411516,0.2763332923274813
103,0.1770993438646402,0.2637811525010001,0.5591195036343597
104,0.1905500108592698,0.4461524175632657,0.36329757157746445
105,0.2579089175706328,0.2816474805623874,0.4604436018669798
106,0.32799178419663366,0.39799462722091106,0.2740135885824553
107,0.23290539466300317,0.40874346383620996,0.35835114150078684
108,0.21224601788378236,0.49070327460338947,0.29705070751282825
109,0.2328165421099471,0.4309238396072548,0.33625961828279805
110,0.11969059078833158,0.0854792817587273,0.794830127452941
111,0.1606076841689141,0.539447774319695,0.2999445415113908
112,0.3680946803153864,0.3037160155433623,0.3281893041412513
113,0.2295141287559307,0.45396135182461894,0.31652451941945037
114,0.18678795972526988,0.3666439876886125,0.4465680525861176
115,0.2431651729498037,0.5384959990815017,0.21833882796869458
116,0.11850716646688403,0.37994470295517013,0.5015481305779458
117,0.12537533794279548,0.5505854269979427,0.32403923505926197
118,0.23894687952341032,0.49924335216670507,0.2618097683098846
119,0.3066718365909512,0.13123415724894605,0.5620940061601027
120,0.15416794569230788,0.4580560217286714,0.3877760325790206
121,0.2566610995824131,0.0606643385339829,0.6826745618836039
122,0.1736306446935738,0.423769908457178,0.40259944684924825
123,0.21990831647530112,0.21207483205984243,0.5680168514648565
124,0.19207811156224222,0.24968273519366682,0.558239153244091
125,0.3223938358721752,0.31680704965176937,0.36079911447605545
126,0.24919589058337072,0.13182360360692097,0.6189805058097083
127,0.04714729083572744,0.21423066993133552,0.738622039232937
128,0.18978000370726025,0.5691582952526583,0.24106170104008148
129,0.1906533195309423,0.4772283766504665,0.3321183038185912
130,0.18924019885476714,0.44631483976039504,0.36444496138483784
131,0.15667560702398314,0.41646056286905636,0.4268638301069605
132,0.17740580589515842,0.5011966809966831,0.32139751310815845
133,0.23939775453034864,0.3315390288326153,0.429063216637036
134,0.1613911237511475,0.5125937572198512,0.32601511902900127
135,0.1996292202262637,0.4729914443175686,0.32737933545616754
136,0.32941298400441515,0.4989736451681765,0.1716133708274084
137,0.2397338628761264,0.5379753047374224,0.2222908323864512
138,0.24283852079074392,0.27053477540822224,0.4866267038010338
139,0.2221231105999314,0.1872299963371281,0.5906468930629405
140,0.24982928501536142,0.42853100129691435,0.32163971368772426
141,0.11120468666865355,0.533663711244398,0.3551316020869484
142,0.21585658525404697,0.3501308110355996,0.43401260371035344
143,0.35053153954562805,0.21813912604887636,0.43132933440549553
144,0.3651503734084094,0.32280858445697796,0.31204104213461265
145,0.23632875648579135,0.4321575194203502,0.3315137240938584
146,0.27839604437239396,0.34527783122430683,0.3763261244032992
147,0.2514217904885388,0.11864730028060966,0.6299309092308516
148,0.2101278569804629,0.39245559771194294,0.39741654530759407
149,0.3867763588443369,0.28987148838525795,0.3233521527704051
150,0.2076030346221277,0.22089823524480323,0.5714987301330691
151,0.17401181828859974,0.4104750213214241,0.4155131603899761
152,0.35972221341756255,0.2764078794786217,0.36386990710381567
153,0.3523307533343993,0.2944561827042289,0.35321306396137186
154,0.1407959622754455,0.5713372073949626,0.2878668303295918
155,0.18500392135481347,0.05716157953966036,0.7578344991055261
156,0.176290952426958,0.5274775744008242,0.29623147317221776
157,0.22360050833091732,0.3096066136999728,0.46679287796910984
158,0.21551897880196813,0.4018394249136437,0.38264159628438815
159,0.2061314393706212,0.6740659410272982,0.11980261960208051
160,0.4136891635137487,0.14539065035825902,0.4409201861279922
161,0.24926243792462296,0.11928733321873818,0.6314502288566388
162,0.31550339073139133,0.447161507315947,0.2373351019526616
163,0.24416231237237718,0.4361771332136241,0.31966055441399865
164,0.2357686873432871,0.31800132107385914,0.4462299915828538
165,0.18509257010680244,0.5553802632022611,0.25952716669093645
166,0.3063562198110554,0.1836284368854837,0.5100153433034609
167,0.34570645284195056,0.3027907714402357,0.35150277571781374
168,0.14949568234135702,0.3246466611762286,0.5258576564824142
169,0.2354974359499399,0.4077754190708873,0.3567271449791728
170,0.315677804567008,0.37709418963756985,0.307228005795422
171,0.3625226667571121,0.44183698842283836,0.19564034482004955
172,0.18779853917934872,0.21087954936141678,0.6013219114592344
173,0.2781990687874402,0.3376686222770631,0.3841323089354966
174,0.17948320918929048,0.30908001377825534,0.5114367770324543
175,0.3297150905193776,0.379447479720143,0.29083742976047944
176,0.2224116381301234,0.2699786050606222,0.5076097568092544
177,0.31609507307116913,0.32516331258621717,0.35874161434261365
178,0.22405434591602089,0.6562208786326362,0.11972477545134286
179,0.1567388187202873,0.1966008568279665,0.6466603244517463
180,0.21890179951289224,0.16086288431501802,0.6202353161720897
181,0.14304616787382649,0.7255651217277955,0.131388710398378
182,0.2047570475125673,0.15516652495197486,0.6400764275354578
183,0.29416923447635795,0.2545278579735259,0.4513029075501161
184,0.15967697430062042,0.5081219349181283,0.3322010907812512
185,0.21579566149892143,0.29860454074850223,0.48559979775257633
186,0.28687588686183935,0.2160210275101433,0.49710308562801736
187,0.19553851606784659,0.25418799148732496,0.5502734924448285
188,0.1998155482770955,0.544591417383517,0.2555930343393875
189,0.23454585603177694,0.4054758970595054,0.35997824690871766
190,0.16518353807266828,0.3284926479728905,0.5063238139544413
191,0.32322128410063056,0.39955735482058935,0.27722136107878015
192,0.2091485633153266,0.32271935662355117,0.4681320800611222
193,0.33186199949958367,0.03385519876690715,0.6342828017335093
194,0.23541416451679917,0.4322689164145731,0.33231691906862776
195,0.16818294685800508,0.6769926424569703,0.15482441068502467
196,0.2115806598527051,0.2634293347386422,0.5249900054086527
197,0.3729687323616485,0.08583775295842708,0.5411935146799245
198,0.09583222725350356,0.46580485185848247,0.43836292088801393
199,0.2412076393155809,0.19084407480547502,0.5679482858789441
200,0.201753448269457,0.3449117208654937,0.4533348308650492
201,0.19322045612259103,0.6019084217865195,0.20487112209088948
202,0.17601943244116086,0.7288105269359555,0.09517004062288358
203,0.3287177135458398,0.2839504426111669,0.38733184384299335
204,0.12677606242947825,0.4558184121299107,0.41740552544061105
205,0.2939698496276339,0.47515266743559376,0.2308774829367723
206,0.14938252862516307,0.7170010669446231,0.13361640443021386
207,0.1969659168042442,0.2506849305325306,0.5523491526632253
208,0.29089086537371156,0.41509553996325593,0.2940135946630325
209,0.15521467983142878,0.6807876634306629,0.1639976567379084
210,0.21540741934348195,0.4660657514951319,0.3185268291613862
211,0.2362212390289563,0.32109734640043197,0.4426814145706117
212,0.12967931336388816,0.5065795006866682,0.36374118594944355
213,0.2593759096994424,0.3850769084152651,0.3555471818852925
214,0.26960414680346906,0.6889235875050138,0.0414722656915171
215,0.21092116419530046,0.3984199138323903,0.3906589219723093
216,0.13171287520706165,0.4448115109623444,0.4234756138305939
217,0.11557939654107681,0.5278881444331706,0.3565324590257526
218,0.30041299409298117,0.19828910395062474,0.501297901956394
219,0.16232619691925756,0.6732320070810188,0.1644417959997237
220,0.3751837946831992,0.29329358495861557,0.33152262035818525
221,0.27086676653961206,0.40794287452205164,0.32119035893833636
222,0.02938488929180884,0.19475481384935273,0.7758602968588384
223,0.2672189607174298,0.42275797687484595,0.31002306240772426
224,0.18482452852663703,0.3279535892749468,0.48722188219841617
225,0.23919872829460123,0.2773096356239514,0.4834916360814474
226,0.19772808633313665,0.3057589188125683,0.49651299485429506
227,0.1950499248486991,0.38345697754999897,0.4214930976013019
228,0.3072467164765291,0.6187083430670051,0.07404494045646584
229,0.41778450457419364,0.25918246496065883,0.32303303046514753
230,0.13213095353895576,0.6932748951901141,0.1745941512709301
231,0.15891238930996557,0.43223228283574056,0.40885532785429385
232,0.10835090474903751,0.11482387240618526,0.7768252228447772
233,0.16510399194398667,0.5779735315888742,0.2569224764671391
234,0.28161720733031814,0.0055199087746963535,0.7128628838949855
235,0.15216430733059896,0.27028388389765134,0.5775518087717497
236,0.16292153587077163,0.14796285634412965,0.6891156077850988
237,0.3639322090441069,0.3513802624264548,0.2846875285294383
238,0.21617178431157655,0.3553117674111744,0.42851644827724905
239,0.32917033871586976,0.29306382208642917,0.37776583919770107
240,0.179501576297372,0.2124367212645332,0.6080617024380948
241,0.4069336420450058,0.3136066500645291,0.2794597078904651
242,0.18967599748798086,0.17775878423913657,0.6325652182728825
243,0.3214379479691207,0.36493291162865465,0.31362914040222467
244,0.02072658175230865,0.5081454007222922,0.47112801752539907
245,0.15593109381156078,0.3320322240635162,0.5120366821249231
246,0.20172041977584804,0.4516244215040267,0.34665515872012526
247,0.2572745383669834,0.3709927963979708,0.3717326652350458
248,0.2546210806810007,0.2875530964688948,0.4578258228501045
249,0.3446424200220274,0.2406578622768017,0.41469971770117087
250,0.24412665211814716,0.5572749224412333,0.19859842544061945
251,0.2422705404868808,0.3239809323409374,0.4337485271721818
252,0.19393476727414333,0.3091333068540091,0.4969319258718476
253,0.24859744399549413,0.6860202952316854,0.06538226077282043
254,0.2996273348511123,0.30064193911576903,0.39973072603311866
255,0.14757719919427603,0.4615556736816033,0.39086712712412064
256,0.1532905801705375,0.1871371067699647,0.6595723130594979
257,0.13759967209140656,0.39176937277702856,0.47063095513156483
258,0.25964643470744825,0.059927963509257005,0.6804256017832947
259,0.34074647678309633,0.30921608353418906,0.3500374396827146
260,0.208760706987485,0.44991258635282216,0.34132670665969284
261,0.14445091793702083,0.4540403426036376,0.4015087394593416
262,0.18856740452297574,0.7905736228475775,0.020858972629446765
263,0.1933569269429331,0.4037930314237277,0.40285004163333926
264,0.23152326316701755,0.3907831788190354,0.37769355801394716
265,0.20899046074961491,0.12172439584076408,0.669285143409621
266,0.43929553218882633,0.4480381628651071,0.11266630494606655
267,0.3624279287252137,0.3146220219040598,0.3229500493707265
268,0.24017675958506196,0.3590875596979629,0.4007356807169751
269,0.17189828037920893,0.616688693169277,0.2114130264515141
270,0.2184367516549048,0.4297211959330993,0.35184205241199584
271,0.1974002382987605,0.22870810705346525,0.5738916546477743
272,0.11153798258343131,0.42496217339078507,0.46349984402578354
273,0.21585731915833686,0.5456221672731604,0.23852051356850276
274,0.21435754127473858,0.48016397591941906,0.30547848280584233
275,0.20418762932217427,0.5952769259089217,0.20053544476890406
276,0.2069842229891386,0.12188908141363985,0.6711266955972216
277,0.2828665229839223,0.4052036646864141,0.3119298123296636
278,0.12308034798968634,0.6930226390395624,0.1838970129707513
279,0.40778676305916167,0.1475374263686852,0.44467581057215305
280,0.27331816845376317,0.31908571694533433,0.40759611460090245
281,0.1401408071209483,0.43143685829969425,0.4284223345793574
282,0.18407009470141056,0.08825334360844266,0.7276765616901468
283,0.18356465528089053,0.4503959537805832,0.36603939093852633
284,0.2654420992359014,0.2720767085882419,0.46248119217585665
285,0.25766761429197155,0.46914837560494677,0.27318401010308163
286,0.2641651247264748,0.37280829235699786,0.3630265829165274
287,0.008072096458732006,0.7377907083776349,0.254137195163633
288,0.2313690339235445,0.24429515560156434,0.5243358104748912
289,0.18943431179781306,0.20163721607028842,0.6089284721318985
290,0.21727722509334996,0.3912313840186104,0.3914913908880396
291,0.3632314971697252,0.3702257479046149,0.2665427549256599
292,0.28901002445006957,0.20610976286410876,0.5048802126858216
293,0.3488435708646901,0.22677427260671187,0.42438215652859806
294,0.27483724281614424,0.33272230702573424,0.3924404501581215
295,0.18699685697510127,0.20069100381154295,0.6123121392133558
296,0.30468895040094973,0.4285654932086852,0.26674555639036507
297,0.23477669857574457,0.27449695395740137,0.4907263474668541
298,0.2326959230823002,0.1987678984570807,0.568536178460619
299,0.18115727349226748,0.5012847167220457,0.3175580097856868
300,0.16119796269752956,0.47176793871919004,0.36703409858328045
301,0.16399831223083722,0.32235228446145586,0.5136494033077069
302,0.1567228460636923,0.41839834820976607,0.4248788057265417
303,0.25188017699706755,0.352161964171277,0.3959578588316554
304,0.29009312727399145,0.4119515735776505,0.29795529914835794
305,0.18539452725452354,0.356889140931544,0.45771633181393245
306,0.0,0.734478263369072,0.26552173663092804
307,0.23530304963211615,0.5307948507566504,0.23390209961123337
308,0.3324956709092147,0.2745624048864011,0.3929419242043842
309,0.23173335019476957,0.16313789611515422,0.6051287536900762
310,0.13181813921224508,0.3443070661001258,0.5238747946876291
311,0.10335533741961954,0.3302916351486392,0.5663530274317412
312,0.2464449633605672,0.3940865861719928,0.35946845046744
313,0.24838415227877358,0.4309262153341971,0.3206896323870293
314,0.1497625111553225,0.5702468363696862,0.2799906524749913
315,0.15786780895438451,0.37503038258801774,0.46710180845759774
316,0.28682318340269375,0.21927069097624646,0.49390612562105973
317,0.20847102987414035,0.15871553071421302,0.6328134394116466
318,0.13681849003664867,0.3538665226748686,0.5093149872884827
319,0.349968121042968,0.15321520208324646,0.49681667687378556
320,0.20599580397337497,0.6494854277567405,0.14451876826988458
321,0.14898757839752774,0.5009521296607277,0.3500602919417446
322,0.29841086592174887,0.28929958211705237,0.41228955196119876
323,0.1724544880019337,0.46059385786650603,0.3669516541315603
324,0.18354696690770245,0.2984394934100758,0.5180135396822217
325,0.15534611296137288,0.597132480006014,0.2475214070326131
326,0.1559804285281626,0.3869193260483702,0.45710024542346717
327,0.2532964774119326,0.5088337478313375,0.23786977475672988
328,0.2380819581589972,0.6330256970980753,0.12889234474292738
329,0.282437453141553,0.31864799478908334,0.39891455206936366
330,0.184975154361735,0.2683587065728191,0.5466661390654458
331,0.3027875434597076,0.20585831403460159,0.4913541425056908
332,0.23630222494014527,0.3226671089960266,0.4410306660638281
333,0.3354380827380358,0.28611727288511934,0.3784446443768449
334,0.2911794854924378,0.3392244162665682,0.369596098240994
335,0.2779371956988684,0.20518705344097274,0.5168757508601589
336,0.1768675060713975,0.5452692707433052,0.2778632231852972
337,0.20051238233589813,0.3397565504641887,0.45973106719991325
338,0.25480576649392706,0.43942515126678633,0.3057690822392866
339,0.20810626069599514,0.3985838472110904,0.3933098920929145
340,0.1902071103984624,0.30817563069628795,0.5016172589052497
341,0.25388991816927536,0.25373421730290985,0.4923758645278148
342,0.09462442825626437,0.5089602889843251,0.39641528275941046
343,0.3647347216241409,0.4598756139512291,0.17538966442463003
344,0.23112535392787104,0.47176191973325754,0.2971127263388714
345,0.09920677548819716,0.3462755478951515,0.5545176766166514
346,0.2041744205563165,0.5937064557288017,0.20211912371488194
347,0.19594865905338363,0.3887951959025717,0.4152561450440447
348,0.2438788100699388,0.23816383729170207,0.5179573526383592
349,0.11194363638074302,0.43652055444829013,0.45153580917096686
350,0.16414860754109378,0.23853604309132626,0.59731534936758
351,0.2309883258158164,0.3822534295261504,0.38675824465803327
352,0.2024861160869514,0.7330758384737647,0.06443804543928397
353,0.157779508912758,0.47396466544214655,0.3682558256450954
354,0.026117516411507717,0.2572418369631103,0.716640646625382
355,0.2995823159485083,0.2772166062258416,0.42320107782565003
356,0.3389930148605516,0.2797456270762528,0.38126135806319567
357,0.24311819797570247,0.28892774527638687,0.46795405674791063
358,0.19383599012750322,0.4422275711711346,0.3639364387013622
359,0.1662233276065332,0.5136282658296003,0.3201484065638665
360,0.09502423303212093,0.5313098752453227,0.37366589172255654
361,0.22884660010084543,0.39514048785797484,0.37601291204117965
362,0.1112355045579533,0.36755138448773983,0.5212131109543069
363,0.2642255172800051,0.33192459662061313,0.40384988609938177
364,0.29400718270371823,0.37734895088421705,0.3286438664120647
365,0.19047273580471105,0.33116333813757526,0.4783639260577137
366,0.18873115950699076,0.27004350070917815,0.541225339783831
367,0.0694453954385355,0.36605730983104345,0.5644972947304211
368,0.330225337917458,0.33776813998401395,0.3320065220985281
369,0.1898075851014235,0.4287308769339675,0.38146153796460897
370,0.2514086447780752,0.23723338160189675,0.5113579736200281
371,0.19669609833327475,0.29653269291833634,0.5067712087483889
372,0.2373149812771809,0.23537761819611142,0.5273074005267078
373,0.23267429317525049,0.31792494904361007,0.4494007577811394
374,0.1774049040362932,0.12811340696176998,0.6944816890019367
375,0.2865631551234734,0.286120355215747,0.42731648966077956
376,0.23550534941898213,0.500033529232187,0.26446112134883093
377,0.2329394777384867,0.3031650037675067,0.4638955184940066
378,0.30702595355972057,0.22029980748475406,0.4726742389555254
379,0.18804666076043763,0.7634425763566003,0.048510762882962
380,0.2911295660179814,0.1263270786173075,0.5825433553647111
381,0.19607210643086637,0.4342944584015475,0.36963343516758607
382,0.14528294448259343,0.5462612671733776,0.308455788344029
383,0.12097861035353556,0.2926327536713691,0.5863886359750953
384,0.27434728952773574,0.2825120525329252,0.44314065793933904
385,0.4495444451752247,0.2579639551135702,0.2924915997112052
386,0.27691529246640323,0.28383813147488574,0.43924657605871104
387,0.24321591494417918,0.22513492793929515,0.5316491571165257
388,0.17924164192809622,0.4477613639432858,0.3729969941286179
389,0.25486376262686156,0.3544891903534481,0.39064704701969033
390,0.3026931608382236,0.39845435596848083,0.29885248319329555
391,0.33459878943907057,0.563893382342506,0.1015078282184235
392,0.28351181624956395,0.4299262094048012,0.2865619743456348
393,0.2816780459055549,0.35034374017472575,0.36797821391971935
394,0.23201260656072298,0.41097277595207504,0.35701461748720204
395,0.2636020692666559,0.6891657651732812,0.047232165560062864
396,0.1846778982895925,0.3069294849668144,0.5083926167435932
397,0.21421668251244577,0.4123993588138581,0.37338395867369617
398,0.31685429047154096,0.37628610121418965,0.3068596083142694
399,0.1905531483571825,0.60132914578715,0.2081177058556674
400,0.19734537591774737,0.3474176773190312,0.4552369467632214
401,0.3595053681855558,0.4463257201677413,0.19416891164670294
402,0.21228617281045892,0.36326717966322936,0.42444664752631167
403,0.1834320079050272,0.08762143996687441,0.7289465521280983
404,0.17133785900318316,0.34127706176169703,0.4873850792351198
405,0.1460151744295744,0.6737190586948837,0.1802657668755419
406,0.4382665245947999,0.09588778938924106,0.465845686015959
407,0.2380325947761645,0.381753984495327,0.3802134207285086
408,0.1587842697441022,0.6070054976979669,0.234210232557931
409,0.17014368895675377,0.5188405924162409,0.3110157186270054
410,0.22327024254262495,0.3105739292531947,0.4661558282041803
411,0.2582616886280947,0.28180850862440543,0.4599298027474999
412,0.25734672802678143,0.4153686334218007,0.3272846385514179
413,0.23369454051569485,0.40334518508828915,0.36296027439601614
414,0.31735662815681587,0.162432653988503,0.5202107178546811
415,0.30817133016782716,0.5015428330587535,0.19028583677341931
416,0.2749758665963464,0.46367382088906384,0.2613503125145898
417,0.2477486198772465,0.38087378541714895,0.37137759470560455
418,0.27306415192414407,0.25799323527185763,0.4689426128039983
419,0.21192953971504622,0.4199843861976615,0.3680860740872924
420,0.22691120194979317,0.31220777020037244,0.4608810278498344
421,0.27031104465387984,0.46675699716022334,0.2629319581858969
422,0.18826458671955293,0.4195394251388203,0.39219598814162676
423,0.1389108563830694,0.4171824582020181,0.4439066854149124
424,0.3533177300949054,0.39437574358649874,0.25230652631859585
425,0.2281465278423262,0.31824076249813654,0.45361270965953737
426,0.25863984644753146,0.18244275031275925,0.5589174032397094
427,0.27447574609253444,0.33847786682183373,0.38704638708563194
428,0.3107523891967782,0.19311438406240292,0.4961332267408189
429,0.25798189924981135,0.13322116326480282,0.6087969374853859
430,0.2575499405787131,0.1706547334976589,0.571795325923628
431,0.27944650808869187,0.258426505678179,0.46212698623312914
432,0.15445766460819116,0.1572382873196785,0.6883040480721304
433,0.20954592758661036,0.3879572325533685,0.40249683986002105
434,0.19608487383561685,0.2562210638888651,0.5476940622755181
435,0.26116308497857615,0.2035933234083467,0.5352435916130771
436,0.17818659997033626,0.5926201164913663,0.22919328353829757
437,0.33116724509283707,0.2571862626343629,0.41164649227280004
438,0.31742435546419057,0.5740646414885798,0.10851100304722958
439,0.3093568494482077,0.18020239820005365,0.5104407523517387
440,0.0877089088649847,0.43151750386586757,0.48077358726914776
441,0.16110295301035019,0.5723280734137404,0.2665689735759095
442,0.16213032904094848,0.1562001120278912,0.6816695589311604
443,0.1853834453424121,0.5876369290736319,0.22697962558395604
444,0.3776179842828898,0.2480866675610964,0.37429534815601373
445,0.35683980881973126,0.15825978515640024,0.4849004060238685
446,0.21830887137053237,0.38335274119603036,0.39833838743343725
447,0.2078700737834796,0.23742678573520773,0.5547031404813128
448,0.13982711752679058,0.41103705815428826,0.4491358243189211
449,0.25387263307001495,0.4304143175554004,0.31571304937458466
450,0.19019291178357592,0.5063957442415015,0.3034113439749226
451,0.25925033659033214,0.3576913030794593,0.3830583603302086
452,0.28598659255583647,0.3463640429878619,0.3676493644563016
453,0.26544654192443745,0.4875714431520734,0.24698201492348917
454,0.2243837463908272,0.6796383372124427,0.09597791639673005
455,0.23586711169724725,0.11359637115671645,0.6505365171460363
456,0.16046297025412426,0.17427745618799867,0.665259573557877
457,0.275560850115183,0.3023407525767181,0.42209839730809884
458,0.22134313521461818,0.37293736001024236,0.40571950477513946
459,0.2301774579170426,0.4984233226653508,0.2713992194176067
460,0.38515597134479956,0.341099544745168,0.2737444839100324
461,0.26038240138692365,0.46158331508888184,0.27803428352419446
462,0.25433057733185,0.5390665438626289,0.20660287880552114
463,0.12293497547647529,0.5826331457837625,0.2944318787397623
464,0.12655561604116103,0.543672836683174,0.32977154727566493
465,0.20404142136245357,0.272014893807495,0.5239436848300515
466,0.28210149688631075,0.39688281964592664,0.3210156834677627
467,0.12188991339958839,0.399716583355983,0.47839350324442864
468,0.29575546869484115,0.11288876836568407,0.5913557629394748
469,0.2634821898002331,0.3989096671246248,0.33760814307514214
470,0.21797573962496222,0.1622143714521886,0.6198098889228492
471,0.21603102361842852,0.3572492520259437,0.42671972435562777
472,0.3198523752386814,0.10870270856373206,0.5714449161975865
473,0.2116521043040098,0.4273882665456253,0.36095962915036495
474,0.2597546763822323,0.09909084110701352,0.6411544825107541
475,0.20394395918399277,0.48319066796608645,0.3128653728499207
476,0.39133965384352404,0.4269310301293675,0.18172931602710857
477,0.2101665073085551,0.693979133213049,0.0958543594783958
478,0.27808841435380743,0.32773480264746474,0.3941767829987278
479,0.2459566977343414,0.21270100801715083,0.5413422942485078
480,0.2985029409039558,0.4838521624851448,0.2176448966108995
481,0.15427510527266847,0.37802002646486416,0.46770486826246743
482,0.19467651196644603,0.3492271519735921,0.4560963360599619
483,0.2960686935632067,0.2435337556028148,0.4603975508339785
484,0.20263564431052883,0.09540901237327427,0.7019553433161969
485,0.3156876089756192,0.23522870192314008,0.4490836891012408
486,0.3216201882355813,0.3458277664329393,0.3325520453314795
487,0.3152113228692631,0.5559247533946056,0.1288639237361313
488,0.2061945020708372,0.47768755537461693,0.31611794255454595
489,0.3114400756239043,0.41591150406266386,0.2726484203134319
490,0.3327821846616616,0.20847756687606392,0.45874024846227446
491,0.33248284949817347,0.3720675581325603,0.29544959236926627
492,0.10007337807566453,0.7737007998721269,0.12622582205220853
493,0.27924816935295593,0.3434387899260351,0.377313040721009
494,0.08550314151180731,0.5536731672549694,0.36082369123322333
495,0.22197938010218096,0.6247124577503239,0.15330816214749507
496,0.26940889832193066,0.2430187006429517,0.48757240103511756
497,0.15306190266832714,0.5555602244187614,0.2913778729129114
498,0.29379951117587977,0.2363186862243469,0.46988180259977336
499,0.15058937734775177,0.34228437996209626,0.507126242690152
500,0.7268157079903169,0.12402521681352895,0.14915907519615412
501,0.5324082239140762,0.2013573664855558,0.26623440960036804
502,0.7975762326943538,0.06499570871717458,0.13742805858847157
503,0.658942281849417,0.11001085854959722,0.23104685960098575
504,0.6234404615935734,0.13245711110748043,0.24410242729894624
505,0.6962330151618363,0.20529704889868114,0.09846993593948247
506,0.5687672421796504,0.06567472526665623,0.3655580325536934
507,0.4860295587317021,0.09919387554726898,0.41477656572102894
508,0.48602581571598025,0.2581916649939797,0.25578251929004003
509,0.6708726420176344,0.1763723834905133,0.15275497449185238
510,0.6854137525627212,0.17863092985982382,0.13595531757745496
511,0.5890656801178862,0.1952954274855686,0.21563889239654527
512,0.6406829323099301,0.046537555232484894,0.31277951245758495
513,0.6890194293007317,0.1282578757304534,0.1827226949688149
514,0.5909422324792942,0.27932010722592443,0.12973766029478134
515,0.6154148408795269,0.24001657952510733,0.1445685795953658
516,0.3623295927166023,0.13624660127600466,0.501423806007393
517,0.7020558390587175,0.13199339209224392,0.1659507688490386
518,0.6423299921211592,0.06464674772777966,0.2930232601510611
519,0.7552888679981717,0.11774368797334914,0.12696744402847912
520,0.7178533003944018,0.10221901386371876,0.1799276857418795
521,0.7573133542212613,0.05229482199213468,0.19039182378660405
522,0.7801418077681126,0.0939251609244495,0.12593303130743794
523,0.6959234312214693,0.09458758334792422,0.2094889854306065
524,0.7232191348551588,0.15129549960233024,0.12548536554251108
525,0.4698938266156742,0.2976905504322273,0.2324156229520985
526,0.7127577643407861,0.03163869365945676,0.2556035419997572
527,0.6103861611255392,0.1972069972008596,0.19240684167360117
528,0.5721849852487098,0.19444705374727453,0.2333679610040157
529,0.7506381139987975,0.14511490157870413,0.10424698442249829
530,0.7497088919345715,0.0995186661934669,0.1507724418719617
531,0.7164055010324792,0.11262192247870136,0.1709725764888193
532,0.5951722798128385,0.24212325361594078,0.16270446657122073
533,0.7141334441444517,0.06866520193717365,0.21720135391837467
534,0.3933544059029488,0.10182063124987163,0.5048249628471796
535,0.653341254768155,0.08856731541792782,0.25809142981391725
536,0.5773052745219414,0.14477894666433966,0.27791577881371904
537,0.6484357207502843,0.17223496076115727,0.1793293184885585
538,0.6440236125608219,0.15953667058960744,0.19643971684957068
539,0.7998128071318614,0.08339010473538352,0.11679708813275504
540,0.7320315023119559,0.15242848606741446,0.11554001162062963
541,0.7672131709217435,0.12044571679627845,0.11234111228197807
542,0.730982038434417,0.0299448782625457,0.2390730833030373
543,0.4736318696493733,0.12933057580919213,0.3970375545414345
544,0.7327136680017055,0.0223370340061332,0.2449492979921613
545,0.8121489258883238,0.08463996373996147,0.10321111037171475
546,0.7739251646207044,0.06899305850335599,0.1570817768759396
547,0.695335329690102,0.06259760054911323,0.24206706976078476
548,0.6852623779930583,0.11140579778493617,0.20333182422200552
549,0.6402094987145254,0.15476974743019922,0.20502075385527535
550,0.8011481656123695,0.0969575929624447,0.10189424142518581
551,0.7601551949999716,0.08362598973093517,0.15621881526909315
552,0.7893908279998016,0.11625962640095205,0.0943495455992463
553,0.6467952475841781,0.15477402508059265,0.1984307273352293
554,0.5137466987573626,0.21710490229002818,0.26914839895260934
555,0.5950858200447049,0.09887888421315287,0.3060352957421423
556,0.8143501991326465,0.0566477873598776,0.12900201350747584
557,0.609481730980462,0.1298858321992852,0.26063243682025283
558,0.6753951365330644,0.15377608233513948,0.17082878113179623
559,0.5158843812950875,0.12040851646031085,0.36370710224460157
560,0.662582364730908,0.14821848160823636,0.18919915366085557
561,0.5701821564606667,0.17027349688302848,0.25954434665630477
562,0.6038822629942966,0.28092917724802574,0.11518855975767768
563,0.6588095289925153,0.030609479138107968,0.31058099186937665
564,0.7247895338163538,0.04287855189559746,0.23233191428804872
565,0.583305817130869,0.20743945086508372,0.20925473200404723
566,0.7040876082322137,0.09072495155207903,0.20518744021570726
567,0.6999324716811709,0.039701397116259404,0.2603661312025697
568,0.6373700850239987,0.06345365681624922,0.299176258159752
569,0.6018531944653301,0.19227409697137848,0.2058727085632913
570,0.5511361611468246,0.13438663900181416,0.31447719985136113
571,0.618719847410197,0.12042366992562245,0.26085648266418043
572,0.7449914522045475,0.07432999223271722,0.1806785555627353
573,0.5235399339891181,0.08302712677601307,0.3934329392348688
574,0.597675976036958,0.04099265467831374,0.3613313692847282
575,0.5581234100178649,0.129941037204563,0.3119355527775721
576,0.637019408488467,0.09308735692170829,0.26989323458982467
577,0.6396108140363106,0.10351934993575927,0.2568698360279301
578,0.5344570036927894,0.10148466531868967,0.3640583309885209
579,0.6721103805956202,0.08896055559631784,0.23892906380806184
580,0.6784510570998168,0.11935797253764764,0.20219097036253555
581,0.5802624297326218,0.15879847369041433,0.2609390965769638
582,0.6185670705834461,0.19464832676740762,0.18678460264914637
583,0.5165174229102185,0.13844261943950117,0.3450399576502803
584,0.6861813517870894,0.08046637656321708,0.23335227164969352
585,0.6757382630234862,0.1896239025976171,0.13463783437889681
586,0.6785564353636455,0.16494768938005855,0.156495875256296
587,0.5899604833712341,0.1825753197714424,0.22746419685732355
588,0.5802962677143205,0.11324277985122813,0.3064609524344514
589,0.697986448623668,0.199418379332228,0.10259517204410395
590,0.7323246271576339,0.0038322312768095364,0.26384314156555655
591,0.6136825634701188,0.14778076580939373,0.23853667072048745
592,0.6702676106995802,0.03390753443172705,0.29582485486869275
593,0.6783618402726016,0.17750459312083122,0.1441335666065672
594,0.8407529206528772,0.05602465944885599,0.10322241989826675
595,0.7402720828783769,0.15421306937392656,0.10551484774769651
596,0.6387616747650741,0.09922118427930747,0.26201714095561845
597,0.6660318846218191,0.1855637381163671,0.14840437726181382
598,0.5560829284147337,0.18767963655206474,0.2562374350332015
599,0.6693792301018235,0.13024097378314572,0.2003797961150308
600,0.5208936599893289,0.22551764144213698,0.25358869856853405
601,0.6394171706777091,0.11051769107891192,0.250065138243379
602,0.6390513341430769,0.13581978094503377,0.22512888491188934
603,0.5358116313473018,0.1109609492907942,0.35322741936190405
604,0.5824264594048141,0.16150957213431844,0.25606396846086754
605,0.6308433843739332,0.11808667200197383,0.25106994362409296
606,0.6004904350954703,0.16765732864898109,0.23185223625554863
607,0.6774443187246117,0.09285903344901832,0.22969664782636995
608,0.7444160138771277,0.06386415125262047,0.1917198348702518
609,0.5345617841732797,0.2270732958820564,0.2383649199446639
610,0.559838087939569,0.14403986193643406,0.29612205012399695
611,0.7328586520234337,0.04919777932034132,0.2179435686562251
612,0.6507025591340215,0.021431819609952534,0.327865621256026
613,0.7310047073650967,0.1531691852416606,0.11582610739324273
614,0.5264569787864073,0.10713498035677371,0.3664080408568191
615,0.5758257838261881,0.19425700390551573,0.22991721226829617
616,0.5622503883605375,0.29959472581570395,0.13815488582375854
617,0.7501259497082907,0.04584345677742444,0.20403059351428485
618,0.4386939963197532,0.11025475736288601,0.45105124631736077
619,0.6449455500934811,0.15559705441500007,0.1994573954915189
620,0.6634581705386378,0.25667712303645607,0.07986470642490613
621,0.6031541071455032,0.16994404883343764,0.22690184402105912
622,0.6226886342988531,0.15410811860401308,0.22320324709713374
623,0.8576868485482364,0.04485684613000415,0.09745630532175939
624,0.5412479564100903,0.055601005938845725,0.4031510376510641
625,0.5539575839502153,0.14145436890466415,0.30458804714512056
626,0.534341474281603,0.20528888740305878,0.26036963831533827
627,0.6354947920982502,0.15186566276246083,0.2126395451392889
628,0.5631146916989915,0.18312788561241522,0.25375742268859325
629,0.6210502236547204,0.07258561006198441,0.3063641662832952
630,0.600677522353183,0.1681452780270568,0.2311771996197603
631,0.5495666882581577,0.1247622074504964,0.32567110429134594
632,0.6175370358464367,0.13844914921265083,0.2440138149409125
633,0.7390470006462598,0.05705095633084359,0.20390204302289666
634,0.5993840008956817,0.22656295937838644,0.17405303972593186
635,0.8505752882563059,0.06097424606333828,0.08845046568035578
636,0.7286924009113502,0.1744545403709436,0.09685305871770611
637,0.5191424916262639,0.047526498651467144,0.4333310097222689
638,0.5858230050014991,0.1857366333777167,0.22844036162078415
639,0.6663351104337913,0.10620359265888091,0.22746129690732772
640,0.5980952357794042,0.1303585160158972,0.2715462482046987
641,0.6597532431265812,0.17522627243017955,0.1650204844432392
642,0.5606201709875864,0.08990117973914788,0.34947864927326566
